<?xml version="1.0" encoding="UTF-8" standalone="no"?>
<!-- Created with Inkscape (http://www.inkscape.org/) -->

<svg
   width="850"
   height="480"
   viewBox="0 0 224.89582 127"
   version="1.1"
   id="svg5"
   xml:space="preserve"
   inkscape:version="1.2.2 (732a01da63, 2022-12-09, custom)"
   sodipodi:docname="UoY Logo"
   xmlns:inkscape="http://www.inkscape.org/namespaces/inkscape"
   xmlns:sodipodi="http://sodipodi.sourceforge.net/DTD/sodipodi-0.dtd"
   xmlns="http://www.w3.org/2000/svg"
   xmlns:svg="http://www.w3.org/2000/svg"><sodipodi:namedview
     id="namedview7"
     pagecolor="#a3adb4"
     bordercolor="#000000"
     borderopacity="0.25"
     inkscape:showpageshadow="2"
     inkscape:pageopacity="0"
     inkscape:pagecheckerboard="0"
     inkscape:deskcolor="#d1d1d1"
     inkscape:document-units="mm"
     showgrid="false"
     inkscape:zoom="0.914906"
     inkscape:cx="-607.7127"
     inkscape:cy="281.44968"
     inkscape:window-width="3370"
     inkscape:window-height="1376"
     inkscape:window-x="0"
     inkscape:window-y="0"
     inkscape:window-maximized="1"
     inkscape:current-layer="layer1" /><defs
     id="defs2" /><g
     inkscape:label="Layer 1"
     inkscape:groupmode="layer"
     id="layer1"><g
       id="g87"
       transform="matrix(0.05487066,0,0,0.05487066,44.399083,36.454252)"><g
         id="g53">
	<path
   class="st0"
   d="m 1816,283.2 -2.3,17.7 c 0,0 13.9,7.2 32.1,7.2 5.1,0 15.8,-1.1 20.5,-2.8 16.4,-6 24.4,-17.9 24.4,-32.6 0,-14.1 -10.3,-23.2 -27.5,-26.3 l -12.4,-2.1 c -9.8,-1.6 -18,-4 -18,-15.4 0,-9.8 9.2,-17.2 21.9,-17.2 7.2,0 15.8,2.5 20.4,8.1 l 0.3,6.9 h 6.9 l 1.5,-18 c -9.8,-3.8 -19.2,-5.1 -28.7,-5.1 -22.2,0 -40.5,9 -40.5,32.4 0,12.6 9,23.2 27.3,26.3 l 15,2.5 c 10.4,1.8 14.3,9.1 14.3,15.4 0,13.4 -11.1,20 -24.1,20 -8,0 -19.9,-4.5 -24.7,-11.3 l -0.5,-5.7 z"
   id="path27" />
	<path
   class="st0"
   d="m 1477.5,393 c 0.7,0.7 28.5,-13.3 38.7,-2.1 11.9,13 -3.6,62.9 -35.8,126.6 -31.2,61.7 -59.2,112.6 -65.8,132.2 -6.7,19.8 7.6,12.6 22.7,4.9 29.9,-15.4 156.3,-121.1 172.4,-129.4 9,-4.7 -63.7,82.2 -135.1,157.4 -81.9,86 -160.9,181.9 -274.3,181.9 -119,0 -171.5,-97.2 -171.5,-97.2 0,0 28.9,115 178.1,115 170.9,0 299.9,-179.9 393.3,-288.5 75.7,-87.9 141.4,-165.5 187.8,-193 46.4,-27.5 97.2,-10.5 97.2,-10.5 -72.3,-44.8 -162.2,20.3 -234.6,84.6 -60,53.4 -163.5,124 -170.2,129.4 -8.8,7 110.3,-200.8 75.9,-230.8 -12.6,-11.3 -84.5,14.1 -78.8,19.5"
   id="path29" />
	<path
   class="st0"
   d="m 2219.3,211.7 v -6.2 h -28.4 v 6.2 c 6.1,0 9.3,1 7.6,4 -1.5,2.7 -22.7,37.9 -22.7,37.9 0,0 -18.7,-32.7 -20.8,-36.3 -1.9,-3.4 -1.6,-5.9 8.4,-5.6 v -6.2 h -46.3 v 6.2 c 11,-0.3 11.9,2.7 14.5,6.9 2.6,4.2 28.6,47.7 28.6,47.7 v 22.8 c -0.1,10.6 -0.8,11.6 -13,11.3 v 6.2 h 47.7 v -6.3 c -12.4,0.4 -13.1,-0.6 -13.1,-11.1 0,0 -0.1,-26 0,-27.5 0,0 23.4,-39.7 25.4,-42.9 2.1,-3.3 3.8,-7.1 12.1,-7.1 z"
   id="path31" />
	<path
   class="st0"
   d="m 1220,288.9 c 0,10.6 -0.6,11.7 -13,11.3 v 6.3 h 35.1 v -6.3 c -12.4,0.4 -13,-0.7 -13,-11.3 v -60.3 l 70.8,79.8 11.1,-3.3 v -81.9 c 0,-10.6 0.6,-11.7 13,-11.3 v -6.3 h -35.2 v 6.3 c 12.5,-0.4 13,0.7 13,11.3 v 55.7 l -3.5,-3.7 -60.1,-69.3 -31.3,-0.3 v 6.3 c 12.4,-0.4 13,0.7 13,11.3 z"
   id="path33" />
	<path
   class="st0"
   d="m 1366.8,288.9 c -0.2,10.6 -0.8,11.7 -13,11.4 v 6.2 h 47.7 v -6.3 c -12.4,0.4 -13,-0.7 -13,-11.3 v -65.8 c 0,-10.6 0.5,-11.5 13,-11.4 v -6.2 h -47.7 v 6.2 c 12.2,-0.3 12.9,0.9 13,11.4 z"
   id="path35" />
	<path
   class="st0"
   d="m 1470,225.1 c -1.4,-3.2 -3.6,-7.1 -3,-10.6 0.5,-2.7 6.5,-2.8 11.8,-2.8 v -6.2 h -49.5 v 6.2 c 4.8,0 12.1,2.5 15.8,10.6 l 36.8,84.3 h 11.4 c 0,0 25.3,-58.6 38.1,-88 3.1,-6.5 4.6,-6.9 11.8,-6.9 v -6.2 h -35.4 v 6.2 c 9.3,0 12.7,1.1 12.7,4 0,1.5 -1.3,4.4 -2.3,7.6 l -24.2,58.6 z"
   id="path37" />
	<path
   class="st0"
   d="m 1582.3,291.4 c 0,6.5 -2.3,8.5 -11,9 v 6.2 h 81.3 l 1.5,-22.9 h -6 l -3,11.9 c 0,0 -13.7,1.8 -41.2,1.8 v -39.6 h 17.7 c 2.8,0 7.6,0.3 8.1,3.6 0.7,3 0.1,7.3 0.1,7.3 h 6.4 l 2.4,-28.2 h -6.1 c -0.3,3.4 -0.7,4.7 -1.7,7.2 -0.7,2.7 -2.8,2.7 -5,2.7 h -21.9 v -31.3 c 0,-1.8 0.4,-3.7 1,-5.3 4.4,0 24.1,-0.2 29.6,0.3 3.3,0.3 6.9,0.9 7,3.2 0.3,3.2 0.6,7.5 0.6,7.5 h 5.8 l 1.5,-13.8 0.6,-5.4 h -81.1 v 6.2 c 11.7,0.6 12.9,1.6 13.2,10.7 v 68.9 z"
   id="path39" />
	<path
   class="st0"
   d="m 1696.5,288.9 c -0.2,10.6 -0.8,11.7 -13.1,11.4 v 6.2 h 47.7 v -6.3 c -12.4,0.4 -13.1,-0.7 -13.1,-11.3 v -71.6 c 0,-1 0.6,-3.4 0.6,-3.4 3.8,-0.9 4.8,-1 9.2,-1 12,0 21.1,9.4 21.1,21.5 0,13.4 -4.2,21.4 -22.1,23.1 l -0.4,2.7 32.1,46.4 h 28.7 v -6.2 c -3.9,-0.4 -8.4,-3.5 -10.7,-6.6 l -27.5,-35 c 16.1,-3.1 22.3,-14.2 21.6,-28.3 -0.8,-18.8 -19.9,-25 -36.9,-25 h -50.5 v 6.2 c 12.3,-0.3 12.9,0.9 13.1,11.4 v 65.8 z"
   id="path41" />
	<path
   class="st0"
   d="m 1937.1,288.9 c -0.2,10.6 -0.8,11.7 -13,11.4 v 6.2 h 47.7 v -6.3 c -12.4,0.4 -13,-0.7 -13,-11.3 v -65.8 c 0,-10.6 0.6,-11.7 13,-11.3 v -6.3 h -47.7 v 6.2 c 12.3,-0.3 12.8,0.9 13,11.4 z"
   id="path43" />
	<path
   class="st0"
   d="m 2058.8,215.4 h 21.6 c 8.4,0.2 6.9,1 8,8.4 0.3,2 0.3,1.7 0.3,3.8 h 6 c 0.8,-8.8 2,-22 2,-22 h -96.3 c 0,0 0.8,14.8 0.5,22 h 6.1 c 0.3,-3.7 0.5,-4.9 0.8,-7.5 1.9,-3.2 3.2,-4.3 6.9,-4.7 h 22.5 V 289 c -0.2,10.6 -0.8,11.7 -13,11.4 v 6.2 h 47.7 v -6.3 c -12.4,0.4 -13,-0.7 -13,-11.3 v -73.6 z"
   id="path45" />
	<path
   class="st0"
   d="m 1064.7,211.5 v -6 h 46.7 v 6 c -5.3,0 -8.7,0.5 -10.1,1.4 -0.7,0.4 -1.2,1.3 -1.5,2.5 -0.7,3 -0.9,44.7 -0.9,44.7 0,8.7 0.1,14.1 0.3,16.2 0.5,4.5 1.6,8.1 3.5,10.9 1.9,2.8 4.7,5 8.6,6.7 3.9,1.7 8.8,2.6 14.7,2.6 6.8,0 12.3,-1.2 16.4,-3.4 4.1,-2.3 7,-5.2 8.7,-8.9 1.7,-3.6 2.6,-10.5 2.6,-20.7 0,0 0,-35 -0.1,-37.7 -0.2,-6 -0.5,-9.7 -1,-10.9 -0.4,-0.8 -0.9,-1.4 -1.7,-1.7 -1.6,-0.8 -5.2,-1.3 -10.7,-1.4 v -6 h 34.3 v 6 c -4.6,0 -7.5,0.3 -8.6,1.1 -0.6,0.4 -1.1,1.1 -1.5,2.2 -0.4,1.1 -0.8,5.1 -1.1,14.5 -0.2,8.6 -0.5,37.2 -0.5,37.2 0,4.3 -0.3,8.7 -1,13.3 -0.6,4.6 -1.9,8.5 -3.9,11.8 -1.9,3.3 -4.7,6.2 -8.3,8.8 -3.5,2.6 -7.8,4.6 -12.6,5.9 -4.9,1.3 -10.5,2 -16.9,2 -7.5,0 -14.5,-1 -21,-2.9 -4.7,-1.4 -8.6,-3.4 -11.6,-5.8 -3,-2.4 -5.3,-5.1 -6.9,-8.1 -1.6,-3 -2.5,-5.9 -2.9,-8.7 -0.2,-1.7 -0.4,-6.4 -0.4,-13.9 0,0 -0.1,-44.7 -0.3,-50.1 -0.1,-2.1 -0.4,-3.7 -0.9,-4.6 -0.2,-0.5 -0.9,-1.1 -1.9,-1.8 z"
   id="path47" />
	<path
   class="st0"
   d="m 1309.4,473.4 c -0.6,-0.1 27.2,-81.8 51.6,-87.2 25.9,-5.7 14.3,26.1 8.9,35.5 -3.7,6.5 -1.2,7.1 4.2,2.3 9.2,-8.1 30.7,-33.3 18.9,-45.6 -3.7,-3.9 -10.6,-6.3 -20.8,-6.3 -26.9,0 -63.1,18.4 -98.6,99.2 0,0 -34.8,-0.6 -65.3,4.7 -0.2,-21.6 -12.4,-35.7 -35.4,-35.7 -38.4,0 -92,39 -119.8,87.1 -27.8,48.1 -19.2,87.1 19.1,87.1 38.4,0 92,-39 119.8,-87.1 5.7,-9.8 9.8,-19.2 12.5,-28 9.6,-1.3 35.2,-4 58,-2.4 1.8,0.1 -25.3,72.1 -43.4,107.6 -14.5,28.5 -58.6,82.1 -117.5,55.5 -12.1,-5.4 -11.2,2 7.5,8.3 25.5,8.6 72.7,15.7 121.6,-43.5 29.2,-35.4 68.9,-126.1 68.9,-126.1 0,0 86.7,7 101.7,-62.6 -0.2,0 -14.6,47.7 -91.9,37.2 z m -219.8,119.5 c -21.7,0 -24.6,-29.3 -6.5,-65.5 18.1,-36.2 50.3,-65.5 72,-65.5 13.7,0 19.9,11.7 18.1,29.5 -14.2,8.9 -27.6,19.4 -27.6,19.4 -1.5,1.2 -1.2,1.8 0.6,1.3 l 23.9,-5.8 c -2,6.6 -4.7,13.7 -8.4,21 -18.2,36.3 -50.4,65.6 -72.1,65.6 z"
   id="path49" />
	<path
   class="st0"
   d="m 2274.5,690.2 c 0,0 -26.3,19.3 -61,14.7 -41.7,-5.5 -99,-63 -112.6,-75.9 -5.5,-5.3 91.7,-27.3 112.2,-72.4 12.2,-26.9 -16.1,-34.6 -16.1,-34.6 -11.3,55.6 -66.5,75.2 -113.3,98.6 0,0 -19.6,-6.6 -40.9,7 -8.8,5.6 81.1,-192.8 94.7,-218.9 0.7,-1.4 -45.3,14.7 -46.8,16.8 -3.4,4.8 1.8,2 0.4,7.7 -4.5,17.4 -46.2,102.1 -46.2,102.1 -28,0 -112.2,36 -123.1,42.3 -11,6.3 16.4,-37.4 5.8,-44.1 -10.7,-6.7 -22.3,-4.9 -47.1,1.4 -20.7,5.2 -50.1,21.1 -64.4,28.3 -1.4,-22.3 -15,-36.5 -39.5,-36.5 -42.9,0 -102.9,43.6 -134,97.5 -31.1,53.8 -21.5,97.5 21.4,97.5 42.9,0 102.9,-43.6 134,-97.5 9,-15.6 14.6,-30.3 16.9,-43.4 22.5,-14.5 73.9,-35.8 77.9,-29 6.3,10.5 -65.6,143.4 -78.8,168.6 -0.2,0.4 0.5,0.8 2,0.3 16.5,-5.1 36.7,-12.7 40.6,-20.9 18.4,-38.4 83,-144.8 145.8,-133.3 8.6,1.6 35.2,-15.5 33.3,-10.1 -4.7,13.3 -61.5,130.7 -80.6,162.9 -4.4,7.4 36.5,-9.6 41.5,-19.2 18.3,-35 42.5,-52.9 56,-52.9 15.3,0 78.9,77.3 147.6,77.3 51.5,0 77.5,-32.9 74.3,-34.3 z m -590.9,7.4 c -24.2,0 -27.5,-32.8 -7.3,-73.3 20.2,-40.5 56.2,-73.3 80.5,-73.3 16.8,0 23.5,15.8 19.3,39 -12.4,11.1 -23.4,22 -23.4,22 -1.3,1.3 -1.1,1.7 0.6,0.8 l 19.7,-10.2 c -2.1,6.8 -5.1,14.1 -8.9,21.7 -20.2,40.4 -56.2,73.3 -80.5,73.3 z"
   id="path51" />
</g><g
         id="g61">
	<path
   class="st0"
   d="m 601.7,770.4 c -0.8,-2.4 -1.6,-3.5 -3.4,-4.4 -2.4,-1.2 -7.2,-0.3 -7.7,-0.2 0,0 -9.9,3.2 -12.6,4.1 -0.2,-0.6 -0.4,-1.3 -0.6,-2 -0.1,-0.4 -0.2,-0.7 -0.4,-1.1 3,-1 13,-4.3 13,-4.3 0.4,-0.2 4.9,-2.2 6.1,-4.6 0.5,-0.9 0.7,-1.8 0.7,-2.7 0,-0.8 -0.2,-1.7 -0.5,-2.8 -2.5,-7.6 -7.7,-14.3 -15.5,-20 -7.8,-5.7 -15.8,-8.6 -23.8,-8.6 -2.5,0 -3.8,0.5 -5.2,1.9 -1.9,1.9 -2.5,6.8 -2.5,7.2 0,0 0,10.7 0,13.2 -0.6,0 -1.2,0 -1.9,0 -0.6,0 -1.2,0 -1.9,0.1 0,-2.8 0,-13.2 0,-13.2 0,-0.5 -0.6,-5.3 -2.5,-7.2 -1.4,-1.4 -2.7,-1.9 -5.2,-1.9 -8,0 -16,2.9 -23.8,8.6 -7.8,5.7 -13,12.4 -15.5,20 -0.4,1.1 -0.5,2 -0.5,2.8 0,0.9 0.2,1.8 0.7,2.7 1.2,2.4 5.7,4.5 6.1,4.6 0,0 10.6,3.5 13,4.2 -0.1,0.4 -0.3,0.7 -0.4,1.1 -0.2,0.6 -0.4,1.3 -0.6,1.9 -3.4,-1.1 -12.6,-4.1 -12.6,-4.1 -0.4,-0.1 -5.3,-1.1 -7.6,0.2 -1.8,0.9 -2.6,2 -3.4,4.4 -2.5,7.6 -2.2,16.1 0.8,25.3 3,9.2 7.8,16.2 14.2,20.9 2,1.5 3.3,1.9 5.3,1.6 2.6,-0.4 6,-4 6.3,-4.4 0,0 6.5,-8.9 8.1,-11.2 0.3,0.2 0.6,0.5 0.9,0.7 0.4,0.3 0.9,0.6 1.3,0.9 -1.9,2.6 -8,11 -8,11.1 -0.2,0.3 -2.3,4 -2.3,6.6 0,0.2 0,0.5 0.1,0.7 0.3,2 1.1,3.1 3.1,4.6 6.5,4.7 14.6,7 24.3,7 9.7,0 17.8,-2.4 24.3,-7 2,-1.4 2.8,-2.6 3.1,-4.6 0,-0.2 0,-0.4 0,-0.7 0,-2.6 -2,-6.3 -2.3,-6.6 0,0 -6,-8.3 -8,-11 0.5,-0.3 0.9,-0.6 1.4,-0.9 0.3,-0.2 0.6,-0.5 0.9,-0.7 1.9,2.6 8.1,11.2 8.1,11.2 0.3,0.4 3.6,4 6.3,4.4 2,0.3 3.3,-0.1 5.3,-1.6 6.4,-4.7 11.2,-11.7 14.2,-20.9 3.2,-9.3 3.5,-17.8 1.1,-25.3 z m -49.2,-30.5 c 0,-0.4 0.7,-4 2,-5.8 3.6,-4.9 8.4,-1.5 12.7,1.4 3.2,2.2 6.3,4.4 8.6,3.2 l 1,-0.5 -0.2,1.2 c 0,0.2 -0.1,0.3 -0.1,0.5 0,2.4 2.8,4.5 5.7,6.7 3.1,2.4 6.5,5 6.5,8.2 0,1.1 -0.4,2.2 -1.3,3.4 -1.3,1.8 -4.6,3.6 -4.9,3.7 0,0 -5.1,1.7 -6.8,2.2 -1.7,-3.4 -3.9,-6.1 -6.6,-8.1 -1.1,-0.8 -1.8,-1 -2.9,-0.8 -1.3,0.2 -3.2,2.1 -3.5,2.4 0,0 -3.3,4.6 -6.3,8.7 -0.3,-0.2 -0.6,-0.4 -0.9,-0.6 3,-4.1 6.3,-8.7 6.3,-8.7 0.2,-0.4 1.3,-2.4 1.3,-3.7 0,-0.1 0,-0.2 0,-0.4 -0.2,-1.1 -0.6,-1.7 -1.7,-2.5 -2.6,-1.8 -5.6,-3.1 -9,-3.7 0.1,-1.9 0.1,-6.8 0.1,-6.8 z m 9.9,36.9 c -0.3,-3.5 -1.8,-6.6 -4.1,-9 1.6,-2.2 3.6,-5 3.6,-5 0.1,-0.2 1.4,-1.3 2.3,-1.6 2.2,-0.7 3,1.1 4.1,4.2 0.7,1.9 1.4,3.9 2.8,4.6 -0.2,0.5 -0.4,0.9 -0.4,1.5 0,1.2 0.4,2.5 0.8,3.8 0.4,1.5 0.8,2.7 0.8,3.6 0,1.1 -0.4,1.8 -1.6,2.2 -0.9,0.3 -2.6,0.1 -2.9,0.1 0,0 -3.1,-1 -5.5,-1.8 0,-0.4 0.1,-0.8 0.1,-1.2 v 0 0 c 0.1,-0.5 0.1,-0.9 0,-1.4 z m -9.7,-22.9 c 3.3,0.1 5.3,0.3 5.3,2.6 0,0.9 -0.7,2.5 -0.8,2.7 0,0 -2,2.9 -3.6,5.1 -1.8,-0.8 -3.7,-1.2 -5.8,-1.3 -0.1,0 -0.1,0 -0.2,0 v 0 c -2.1,0 -4.1,0.4 -5.9,1.2 -1.6,-2.3 -3.7,-5.1 -3.7,-5.1 -0.1,-0.2 -0.8,-1.7 -0.8,-2.7 0,-2.3 2,-2.5 5.3,-2.6 2,-0.1 4.1,-0.1 5.2,-1.2 0.9,1.2 3,1.3 5,1.3 z m -40.3,7.9 c -0.3,-0.1 -3.6,-1.9 -4.9,-3.7 -3.5,-4.9 1.1,-8.5 5.2,-11.6 3.1,-2.4 6.1,-4.7 5.7,-7.2 l -0.2,-1.2 1,0.5 c 2.3,1.2 5.4,-0.9 8.6,-3.2 4.3,-2.9 9.1,-6.3 12.6,-1.4 1.3,1.8 2,5.3 2,5.7 0,0 0,4.8 0,6.8 -3.4,0.6 -6.5,1.8 -9,3.7 -1.1,0.8 -1.5,1.4 -1.7,2.5 0,0.1 0,0.2 0,0.4 0,1.4 1,3.4 1.3,3.7 0,0 3.4,4.7 6.3,8.7 -0.3,0.2 -0.6,0.4 -1,0.7 -3,-4.1 -6.3,-8.7 -6.3,-8.7 -0.3,-0.4 -2.2,-2.2 -3.5,-2.4 -1.1,-0.2 -1.8,0 -2.9,0.8 -2.7,2 -4.9,4.7 -6.6,8.1 -1.8,-0.6 -6.6,-2.2 -6.6,-2.2 z m 20.1,17.6 c -2.4,0.8 -5.5,1.8 -5.5,1.8 -0.2,0 -1.9,0.2 -2.8,-0.1 -1.2,-0.4 -1.6,-1.1 -1.6,-2.2 0,-0.9 0.3,-2.1 0.8,-3.6 0.4,-1.3 0.8,-2.6 0.8,-3.8 0,-0.6 -0.1,-1 -0.4,-1.5 1.4,-0.7 2.1,-2.7 2.8,-4.6 1.1,-3.1 1.9,-4.9 4.1,-4.2 0.9,0.3 2.2,1.4 2.3,1.6 0,0 2,2.8 3.6,5 -2,2.1 -3.4,4.7 -3.9,7.7 -0.2,0.9 -0.2,1.7 -0.2,2.6 0,0.4 0,0.8 0,1.3 z m -11.2,27 c -0.2,0.3 -2.9,2.8 -5,3.5 -5.7,1.9 -7.7,-3.7 -9.4,-8.6 -1.3,-3.7 -2.6,-7.3 -5.1,-7.6 l -1.1,-0.2 0.8,-0.8 c 1.9,-1.8 0.8,-5.4 -0.3,-9.2 -1.5,-5 -3.2,-10.6 2.6,-12.5 2.1,-0.7 5.8,-0.2 6.1,-0.1 0,0 4.5,1.4 6.6,2.1 -0.5,3.4 -0.2,6.5 0.7,9.4 0.4,1.3 0.9,1.9 1.8,2.4 1.2,0.6 3.8,0.2 4.3,0.1 0,0 5.2,-1.7 9.8,-3.2 0.1,0.3 0.2,0.7 0.3,1 -4.7,1.5 -9.8,3.2 -9.8,3.2 -0.5,0.2 -2.8,1.4 -3.4,2.6 -0.5,1 -0.5,1.7 -0.1,3 1,3.2 2.9,6.1 5.6,8.7 -1.4,2 -4.4,6.3 -4.4,6.2 z m 8,-12.6 c -1.9,-1.5 -3.2,-2.6 -3.2,-3.8 0,-0.4 0.2,-0.9 0.5,-1.4 0.6,-0.8 2.1,-1.6 2.3,-1.7 0,0 3,-1 5.3,-1.8 2.1,4 5.9,6.9 10.4,7.8 0,2.4 -0.2,5.4 -0.2,5.4 0,0.2 -0.4,1.9 -0.9,2.7 -1.4,1.9 -3.1,0.9 -5.8,-1 -1.7,-1.1 -3.4,-2.3 -4.9,-2 -0.2,-1.7 -1.8,-3 -3.5,-4.2 z m 36.8,17.9 c 0.2,0.3 1.8,3.7 1.8,5.9 0,6 -5.9,6.2 -11.1,6.3 -3.9,0.1 -7.7,0.2 -8.8,2.5 l -0.5,1 -0.5,-1 c -1.2,-2.3 -4.9,-2.4 -8.8,-2.5 -5.2,-0.1 -11,-0.3 -11,-6.3 0,-2.2 1.6,-5.6 1.8,-5.9 0,0 3.2,-4.4 4.3,-6 3.2,1.6 6.3,2.4 9.5,2.4 1.4,0 2.1,-0.2 2.8,-1 1,-1 1.4,-3.6 1.4,-4 0,0 0,-5.3 0,-10 0.2,0 0.4,0 0.6,0 v 0 h 0.1 c 0.2,0 0.3,0 0.5,0 0,4.7 0,10 0,10 0,0.5 0.4,3.1 1.4,4 0.8,0.8 1.5,1 2.8,1 3.2,0 6.3,-0.8 9.5,-2.4 1.3,2.1 4.2,6 4.2,6 z m -0.5,-17.9 c -1.6,1.2 -3.2,2.5 -3.4,4.1 -1.6,-0.3 -3.3,0.9 -5,2 -2.7,1.9 -4.4,2.9 -5.8,1 -0.6,-0.8 -0.9,-2.5 -1,-2.7 0,0 0,-3 0,-5.4 4.5,-0.9 8.2,-3.8 10.3,-7.7 2.4,0.8 5.3,1.8 5.3,1.8 0.2,0.1 1.7,1 2.3,1.7 0.3,0.5 0.5,0.9 0.5,1.4 0.1,1.2 -1.2,2.3 -3.2,3.8 z m 28,-1 0.8,0.8 -1.2,0.2 c -2.6,0.4 -3.8,3.9 -5.1,7.6 -1.7,4.9 -3.7,10.4 -9.4,8.6 -2.1,-0.7 -4.9,-3.2 -5,-3.5 0,0 -3.3,-4.5 -4.4,-6 2.7,-2.6 4.6,-5.5 5.6,-8.7 0.2,-0.6 0.3,-1.1 0.3,-1.6 0,-0.5 -0.1,-0.9 -0.4,-1.5 -0.6,-1.2 -3,-2.4 -3.4,-2.6 0,0 -5.1,-1.7 -9.7,-3.2 0.1,-0.3 0.2,-0.7 0.3,-1 4.6,1.5 9.8,3.2 9.8,3.2 0.5,0.1 3.1,0.5 4.3,-0.1 1,-0.5 1.4,-1.1 1.8,-2.4 0.9,-2.9 1.2,-6.1 0.7,-9.4 2,-0.7 6.5,-2.1 6.5,-2.1 0.3,-0.1 4,-0.6 6.1,0.1 5.7,1.9 4.1,7.5 2.6,12.5 -1,3.7 -2.1,7.2 -0.2,9.1 z"
   id="path55" />
	<path
   class="st0"
   d="M 526.2,254.8"
   id="path57" />
	<path
   class="st0"
   d="m 672.5,783.3 v 0 m -243.8,6.6 c 29.4,37.4 68.3,70.5 116,98.3 l 3.4,2 3.4,-2 c 47.7,-27.8 86.6,-60.9 116,-98.3 l 8.3,-11.1 c 22.2,-30.9 38.5,-65.3 48.8,-102.5 v 0 l 0.3,-1.4 c 1,-3.6 1.9,-7.3 2.8,-11 v 0 0 l 0.8,-3.5 v 0 c 2.1,-9.6 3.8,-18.9 5.2,-28 0,0.2 0,0.3 0,0.5 3.3,31.4 14,46 33.6,46 14.6,0 23.4,-5.6 27.1,-17.2 0.3,-0.9 0.7,-2.2 1.3,-3.8 2.8,-8.1 7.4,-21.8 7.4,-29.4 0,-0.6 0,-1.2 0,-1.8 0.1,-6.6 0.1,-14 -7.7,-16.4 -0.3,-0.3 -0.7,-0.6 -1,-0.8 2.7,-1.6 4.8,-3 6.1,-4.2 3.4,-3.1 7,-11.2 11.2,-20.6 2.4,-5.3 4.8,-10.8 7.2,-15.2 0.1,-0.2 0.3,-0.6 0.6,-1 17.3,-31.2 22.5,-59 14.6,-78.3 0,-0.1 -0.1,-0.2 -0.1,-0.3 -0.1,-0.2 -0.3,-0.4 -0.4,-0.6 -4.7,-13.7 -9.9,-24 -30.4,-38.6 -8.8,-6.2 -17.2,-11.3 -23.9,-15.4 -6.9,-4.2 -12.7,-7.7 -16.2,-10.8 8.2,1 16.1,3.3 23.9,5.6 10.6,3.1 21.6,6.3 33.4,6.3 22.5,0 33.9,-7.8 43.1,-14 5.7,-3.9 10.1,-6.9 15.7,-6.9 0.7,0 1.3,-0.5 1.4,-1.2 0.1,-0.7 -0.2,-1.4 -0.9,-1.6 -2.6,-1 -5.4,-3.4 -8.5,-6.1 -5.8,-5 -13.5,-11.5 -26.1,-14.7 0,-0.2 -0.1,-0.4 -0.1,-0.6 -1.8,-8.1 -6,-16.1 -12.3,-23.7 5.8,1.4 13.1,2.9 19.2,2.9 9.9,0 16.5,-3.2 22.9,-6.3 1.7,-0.8 3.4,-1.6 5.2,-2.4 1.1,-0.5 1.8,-1.6 1.7,-2.7 -0.1,-1.2 -0.8,-2.2 -1.9,-2.6 -5.1,-1.7 -11.2,-7.4 -17,-12.9 -6.3,-5.9 -12.2,-11.4 -18,-13.5 -3.7,-1.3 -7.5,-1.9 -11.9,-1.9 -2,0 -3.9,0.1 -5.7,0.2 -1.7,0.1 -3.4,0.2 -5,0.2 -2,0 -3.7,-0.2 -5.2,-0.5 -0.9,-0.2 -1.2,-0.4 -1.2,-0.4 -0.1,-0.1 -0.2,-0.4 -0.2,-0.7 -1,-3.2 -2.6,-5.8 -11.6,-7.1 33.6,-10.7 56.9,-23 71.1,-37.3 16.2,-16.5 18.3,-33.9 18.4,-47.2 0,-0.4 0,-0.9 0,-1.3 v -0.4 c 0,0 0,-0.1 0,-0.2 -0.3,-3.8 -1.2,-7.6 -2.7,-11.2 -3.2,-16.8 -11.5,-32.6 -17.3,-43.6 -2.6,-4.9 -4.8,-9.1 -5.7,-11.8 -0.7,-2.1 -1.5,-4.4 -2.2,-6.7 -3.2,-9.6 -6.4,-19.4 -10.4,-25.2 -3,-4.4 -9.9,-9.8 -16,-14.6 -3.8,-3 -7.4,-5.9 -9.5,-8 -0.5,-0.5 -1.2,-0.6 -1.8,-0.2 -0.6,0.3 -0.9,1 -0.7,1.7 0.7,2.4 0,4.4 -0.9,6.6 -0.7,1.9 -1.5,3.8 -1.5,6.1 0,2.6 1.9,5.6 3.7,8.4 0.9,1.4 2.4,3.7 2.5,4.6 -0.7,-0.1 -2.4,-1.6 -3.8,-2.7 -3.3,-2.7 -7.9,-6.5 -13.6,-7.2 -1.2,-0.1 -2.3,-0.3 -3.4,-0.4 2.7,-4.6 4,-10 4,-14.2 0,-4.5 1,-7.3 2.1,-10.6 l 0.4,-1.3 c 0.4,-1.2 -0.1,-2.6 -1.2,-3.3 -1.1,-0.7 -2.5,-0.6 -3.5,0.3 0,0 -0.4,0.4 -2.2,0.4 -1.5,0 -3.4,-0.3 -5.3,-0.5 -2.2,-0.3 -4.4,-0.6 -6.5,-0.6 -4.5,0 -13.7,2.8 -19.8,9 -0.1,0.1 -0.1,0.1 -0.1,0.2 0,0 0,0 -0.1,0.1 -3.5,3.6 -4.1,5.4 -4.1,9.9 0,8.8 3.5,15.5 8.2,24.9 2.4,4.6 5.1,9.9 7.8,16.4 8,18.8 17.6,21.3 49.2,29.7 2.3,0.6 4.7,1.2 7.3,1.9 1.9,0.5 3.8,1.1 5.6,1.8 1.2,14.4 -4.1,31 -13.9,43.3 -16.4,20.6 -41.2,31.3 -65.3,41.7 -1.2,0.5 -2.4,1 -3.6,1.5 l 11.5,-10.6 c 6.5,-6.1 7.8,-12.6 8.8,-17.8 0.7,-3.7 1.3,-6.6 3.4,-8.5 6.8,-6.3 12.8,-17.7 15.5,-25.7 1.9,-5.6 -0.6,-15.6 -2.9,-24.5 -1,-4 -2.1,-8.2 -2.1,-9.9 0,-1.1 -0.7,-2.1 -1.7,-2.6 -1,-0.5 -2.2,-0.2 -3.1,0.5 -1.3,1.2 -3.7,2.4 -6.6,3.8 -6.2,3 -14.6,7.1 -20.5,15.9 -1.6,-6.6 -5.4,-12.8 -11.3,-18.3 -6.3,-5.8 -16.7,-9.7 -25.8,-13.2 -6.2,-2.3 -12.1,-4.6 -14.4,-6.6 -0.8,-0.8 -2,-1 -3.1,-0.5 -1,0.5 -1.7,1.5 -1.7,2.6 0,2.2 -0.8,6.7 -1.6,11.5 -1.2,7.1 -2.6,15.2 -2.6,21.5 0,3.3 1.3,7 4.3,12.4 0.1,0.2 0.2,0.3 0.3,0.5 1.7,1.9 3.6,4.2 5.6,6.9 4.7,7.8 9.6,16.4 9.6,24.3 0,26.5 -20.9,40 -41.7,41.7 -2.2,0.2 -4.4,0.3 -6.5,0.3 -22.4,0 -33.1,-10 -36,-13.4 0.5,-3 -0.1,-6.2 -1.7,-8.7 -1.6,-2.5 -4.1,-4.3 -7,-4.9 h -0.2 l 7.5,-33.5 4.8,-20.5 c 0.2,-0.7 0,-1.4 -0.4,-2 -0.4,-0.6 -1,-1 -1.7,-1.1 -5.5,-0.8 -11.1,-1.8 -16.5,-2.7 -9.8,-1.7 -19.9,-3.5 -30.1,-4.2 -0.3,0 -0.6,0 -0.8,0.1 v 0 l -15.3,3.1 -1.3,18.5 c -3.8,-0.2 -7.6,-0.4 -11.4,-0.5 l 1,-23.6 c 0,-0.7 -0.2,-1.3 -0.7,-1.8 -0.5,-0.5 -1.1,-0.8 -1.8,-0.8 -8,-0.3 -16.1,-0.4 -24,-0.4 -7.9,0 -16,0.1 -24,0.4 -0.7,0 -1.3,0.3 -1.8,0.8 -0.5,0.5 -0.7,1.1 -0.7,1.8 l 1,23.6 c -3.6,0.1 -7.3,0.3 -10.9,0.5 l -1.3,-18.5 -15.8,-3.1 v 0 c -0.3,-0.1 -0.5,-0.1 -0.8,-0.1 -10.1,0.8 -20.3,2.5 -30.1,4.2 -5.4,0.9 -11.1,1.9 -16.5,2.7 -0.7,0.1 -1.3,0.5 -1.7,1.1 -0.4,0.6 -0.5,1.3 -0.4,2 l 4.8,20.4 7.5,33.5 h -0.1 c -2.9,0.6 -5.3,2.3 -6.9,4.9 -1.8,2.8 -2.3,6.3 -1.5,9.6 1.4,5.7 6.1,9.9 11.3,9.9 0.7,0 1.3,-0.1 1.9,-0.2 l 2.4,-0.4 c -1.3,0.8 -2.7,1.8 -4.3,2.8 -5.8,1.6 -13.3,2.9 -22.9,2.9 -26.9,0 -46.5,-25.5 -46.5,-36.3 0,-5 0.8,-9.7 1.7,-14.6 1.1,-6.1 2.2,-13 2.2,-22.1 0,-7.1 -1.7,-12.2 -3.3,-16.8 -2.2,-6.3 -4,-11.8 -1,-21.3 0.2,-0.6 0,-1.3 -0.6,-1.7 -0.6,-0.4 -1.3,-0.3 -1.8,0.2 -6.9,6.4 -8.1,7.5 -20.4,12 -11.6,4.2 -22.9,15.5 -24.1,28 -2.4,-3.1 -5.5,-5.8 -8.1,-7.4 -5.8,-3.5 -11.5,-4 -16.5,-4.5 -4.3,-0.4 -8.1,-0.8 -11.4,-2.8 -0.6,-0.4 -1.5,-0.2 -1.9,0.4 -0.5,0.6 -0.4,1.4 0.2,2 3.4,3.2 3.4,20 3.4,26.3 0,7.4 9.5,15.9 15.9,21.6 0.9,0.8 1.7,1.6 2.5,2.2 1.2,1.1 2.3,2.8 3.7,4.9 4,6.2 9.9,15.1 27.2,23.7 -34.8,-3.2 -84.5,-27.7 -98.7,-71 -1,-3.2 -0.7,-6 0.9,-8.3 2.7,-3.8 9,-6.1 16.4,-6.1 8.5,0 17.1,3.3 17.1,9.6 0,0.6 0.3,1.1 0.9,1.3 0.5,0.2 1.2,0.1 1.6,-0.3 5.7,-5.3 6.6,-13.5 4.5,-18.8 -0.7,-1.9 -1.8,-3.4 -3.1,-4.5 3.5,-1 6.9,-2.8 9.8,-4.7 0.7,-0.3 7.2,-3.6 7.6,-3.8 7.7,-5.2 18.5,-18.3 18.5,-27.9 0,-1.4 1.4,-3.7 3,-6.2 3,-4.9 7.1,-11.5 7.1,-20.9 0,-7.9 -5.5,-22.6 -18.7,-22.6 -6.2,0 -9.3,1.7 -12,3.1 -2.5,1.4 -4.7,2.6 -10.1,2.6 -1.2,0 -2.3,0.8 -2.7,1.9 -0.4,1.1 0,2.4 0.9,3.2 7.2,5.7 11.8,12.3 14,20.3 -5,3.9 -9.1,5.9 -12.1,5.9 -6.7,0 -24.4,0 -39.8,9.5 -15.5,9.5 -24.5,36.2 -29.3,50.5 l -0.1,0.2 c -2.4,7 -4.7,10.7 -6.8,14 -2.2,3.4 -4.1,6.4 -5.2,11.8 -3.5,16.2 -1,49.5 30.7,71.5 24.9,17.3 54,20.9 74.1,20.9 3,0 6,-0.1 9,-0.2 -8.9,4.3 -22.1,10.1 -33.5,14 -5.2,1.8 -11.7,3.7 -17.9,5.4 -11.3,3.2 -22.9,6.5 -28.7,10.1 -5.9,3.7 -13.2,12.1 -18.9,18.8 -3.1,3.6 -5.7,6.7 -7.6,8.4 -0.4,0.4 -0.6,1.1 -0.4,1.6 0.2,0.6 0.8,0.9 1.4,0.9 9.6,0 12.8,0 21,1.7 2.2,0.5 3.1,1 4,1.5 0.9,0.5 1.9,1.1 3.6,1.1 1.6,0 3.9,-0.5 8,-1.7 -4.3,4.3 -9.2,11.3 -10.3,21.7 h -9.5 c -9,0 -15.8,4.6 -21.9,8.7 -5.2,3.5 -10.2,6.9 -15.8,6.9 -1.4,0 -2.6,1.1 -2.8,2.5 -0.2,1.4 0.7,2.7 2.1,3.1 4,1.1 10.4,5.2 17.1,9.5 12.4,8.1 27.8,18.1 41.9,18.1 13.3,0 19.2,-2.4 23.5,-4.2 2.6,-1.1 4.5,-1.8 7.4,-1.8 2.3,0 5.2,0.5 8.3,1 4.1,0.7 8.7,1.4 13.4,1.4 0.6,0 1.2,0 1.8,0 -26.2,17 -50.6,35.6 -59.8,57.6 -8.9,21.5 0.9,46 6.2,59.2 1,2.5 1.9,4.7 2.4,6.2 2.8,9.1 2.8,25.6 2.8,31.8 0,10.7 8.8,22.7 17.6,33.1 -4.2,6.6 -5.6,15.9 -4.2,29.2 1.2,11.8 4.2,18.6 11.8,26.4 0.8,0.9 1.7,1.8 2.5,2.5 v 0 0 c 1.2,1.1 2.5,2.1 3.7,2.9 0.1,0.1 0.2,0.1 0.3,0.2 5.7,3.4 12.3,5.3 19,5.3 v 0 c 2.2,0 4.4,-0.2 6.7,-0.6 4.1,-0.8 7.8,-2.2 11.2,-4 0,0 0.1,0 0.1,-0.1 0.1,-0.1 0.2,-0.1 0.3,-0.2 v 0 c 0,0 0,0 0.1,0 2.4,-1.5 4.4,-3.3 5.9,-5.2 10.1,-10.4 14.9,-25.3 14.9,-48 0,-0.9 0,-1.7 -0.1,-2.6 1.3,8.6 2.9,17.4 4.9,26.4 v 0 l 0.8,3.5 v 0 0 c 0.9,3.7 1.8,7.3 2.8,11 l 0.3,1.3 v 0 c 10.3,37.2 26.6,71.6 48.8,102.5 z M 808.2,115.4 c 0,3.8 -1.4,9.2 -4.5,13.2 -11.9,-1.7 -17.4,-5.3 -20.1,-9.2 -1,-2.5 -0.9,-5.1 -0.8,-7.2 0,-0.1 0,-0.1 0,-0.2 4.7,-4.3 11.6,-6.5 15,-6.5 1.7,0 3.8,0.3 5.8,0.5 2,0.3 4,0.5 5.9,0.6 -0.8,2.4 -1.3,5.1 -1.3,8.8 z m -498.9,-8.5 c 2.6,-0.6 4.4,-1.6 6.1,-2.5 2.4,-1.3 4.5,-2.4 9.3,-2.4 9.1,0 13.1,11.2 13.1,16.9 0,7.8 -3.5,13.4 -6.3,17.9 -2.1,3.3 -3.8,6.2 -3.8,9.2 0,3.2 -3.3,10.9 -9.3,17.4 2.8,-10.5 5.7,-24 2.2,-37.2 -2.1,-7.3 -5.8,-13.8 -11.3,-19.3 z m -1.2,70.1 c -0.1,0.1 -0.3,0.2 -0.5,0.3 v 0 c 0.1,-0.1 0.3,-0.2 0.5,-0.3 z m 359.7,254.2 c 0,0 0,0.1 0,0 l -30.3,0.1 c -1.6,-5.9 -3.5,-9.2 -11.1,-16 0,-0.2 0.1,-0.3 0.1,-0.5 0,-12.6 3.6,-27.8 7.5,-40 0.3,0.4 0.6,0.9 1,1.3 12.2,16.2 32.5,43.4 32.8,55.1 z M 585,270 c -1.6,-0.1 -8.2,-0.5 -8.2,-0.5 -3.1,-0.4 -5.5,-3.6 -5.3,-7.5 0.1,-3.8 2.7,-6.9 5.9,-7 0,0 0,0 0.1,0 1,-0.1 8.2,0.4 8.7,0.5 v 0 l 1,0.1 c 1.8,0.1 3.7,0.2 5.8,0.4 1.2,0.1 2.4,0.2 3.6,0.3 l 5.3,0.4 7.7,0.8 c 3.1,0.3 5.9,0.6 8.7,1.1 1.2,0.2 2.5,0.4 3.6,0.5 2.1,0.3 4.1,0.6 5.9,0.9 l 9.3,1.6 c 1.5,0.3 2.8,1.3 3.7,2.6 1,1.6 1.3,3.7 0.8,5.7 -0.8,3.4 -3.6,6 -6.3,6 -0.3,0 -0.6,0 -1,-0.1 l -8.7,-1.5 c -1.7,-0.3 -3.6,-0.6 -5.6,-0.8 -1.1,-0.2 -2.3,-0.3 -3.4,-0.5 -2.7,-0.4 -5.6,-0.7 -8.4,-1 l -6.9,-0.7 -5.8,-0.5 c -1.2,-0.1 -2.4,-0.2 -3.5,-0.3 -2,-0.2 -4,-0.3 -5.7,-0.4 z m -130.7,-47.9 -4.2,-17.8 c 4.7,-0.7 9.4,-1.5 14,-2.3 8.9,-1.6 18.1,-3.2 27.2,-4 l 2.3,20.2 c 0.2,1.3 1.3,2.3 2.7,2.2 9.4,-0.7 19,-1.2 28.5,-1.5 0.7,0 1.3,-0.3 1.8,-0.8 0.5,-0.5 0.7,-1.1 0.7,-1.8 l -1,-23.6 c 7.1,-0.2 14.3,-0.3 21.3,-0.3 7,0 14.2,0.1 21.3,0.3 l -1,23.6 c 0,0.7 0.2,1.3 0.7,1.8 0.5,0.5 1.1,0.8 1.8,0.8 9.5,0.3 19,0.8 28.5,1.5 1.3,0.1 2.5,-0.9 2.7,-2.2 l 2.3,-20.2 c 9.1,0.8 18.3,2.4 27.2,4 4.6,0.8 9.3,1.6 14,2.3 l -4.2,17.8 -7.6,33.7 -4.2,-0.7 c -1.9,-0.3 -3.9,-0.6 -6,-0.9 -1.2,-0.2 -2.4,-0.3 -3.6,-0.5 -2.9,-0.4 -6,-0.8 -9,-1.1 l -5.5,-0.6 -7.7,-0.7 c -1.2,-0.1 -2.4,-0.2 -3.6,-0.3 -2.1,-0.2 -4.2,-0.4 -6,-0.4 l -9.3,-0.5 c -0.1,0 -0.2,0 -0.3,0 -0.1,0 -0.2,0 -0.3,0 0,0 -1,-0.1 -2.7,-0.1 l -6.7,-0.2 c -4.4,-0.2 -9.8,-0.3 -15.6,-0.3 l -5,-0.1 -5,0.1 c -5.8,0.1 -11.2,0.1 -15.6,0.3 l -6.7,0.2 c -1.7,0 -2.6,0.1 -2.6,0.1 -0.1,0 -0.2,0 -0.3,0 -0.1,0 -0.3,0 -0.4,0 l -9.3,0.5 c -1.9,0.1 -3.9,0.3 -6,0.4 -1.2,0.1 -2.4,0.2 -3.6,0.3 l -5.5,0.4 -7.7,0.8 c -3,0.3 -6.1,0.7 -8.9,1.1 -1.2,0.2 -2.4,0.3 -3.6,0.5 -2.2,0.3 -4.2,0.6 -6,0.9 l -4.3,0.8 z m 114,47.2 h -0.8 c -4.2,-0.2 -9.4,-0.2 -14.9,-0.3 -1.7,0 -3.4,0 -5.1,-0.1 -1.7,0 -3.4,0 -5,0.1 -5.5,0.1 -10.7,0.1 -14.9,0.3 h -0.8 v 0 l -8.7,0.3 v 0 c -3,-0.1 -5.6,-3.2 -5.9,-6.9 -0.1,-2.1 0.5,-4.2 1.8,-5.6 0.9,-1 2,-1.6 3.3,-1.8 0,0 0.1,0 0.2,0 1.9,-0.3 9.6,-0.4 9.6,-0.4 v 0 h 0.1 c 4.3,-0.2 9.7,-0.2 15.4,-0.3 l 4.9,-0.1 5,0.1 c 5.7,0.1 11.1,0.1 15.5,0.3 h 0.9 c -1.4,2 -2.3,4.5 -2.4,7.2 -0.2,2.6 0.5,5.1 1.8,7.2 z M 460.6,276 c -3,0.6 -6.3,-2.1 -7.2,-5.9 -0.5,-2 -0.2,-4.1 0.8,-5.7 0.9,-1.4 2.2,-2.3 3.6,-2.6 l 9.3,-1.7 c 1.8,-0.3 3.7,-0.6 5.8,-0.9 1.2,-0.2 2.4,-0.3 3.7,-0.5 2.8,-0.4 5.7,-0.7 8.7,-1.1 l 7.6,-0.8 5.4,-0.4 c 1.2,-0.1 2.5,-0.2 3.6,-0.3 2.1,-0.2 4.1,-0.3 5.9,-0.4 l 1,-0.1 c -1.3,2.2 -1.9,4.8 -1.7,7.4 0.2,2.7 1.1,5.1 2.6,7.1 h -0.8 c -1.8,0.1 -3.7,0.2 -5.7,0.4 -1.1,0.1 -2.3,0.2 -3.5,0.3 l -5.2,0.4 -7.4,0.8 c -2.8,0.3 -5.7,0.6 -8.4,1 -1.2,0.2 -2.4,0.3 -3.5,0.5 -2,0.3 -3.9,0.5 -5.6,0.8 z m 13.4,5 c 0.4,-0.2 0.8,-0.6 1,-1 l 0.9,-1.4 c 1.1,-0.1 2.2,-0.3 3.3,-0.5 2.6,-0.4 5.3,-0.7 8.2,-1 l 7.4,-0.8 5.2,-0.4 c 1.2,-0.1 2.4,-0.2 3.6,-0.3 2,-0.2 3.9,-0.3 5.6,-0.4 l 9,-0.5 c 0.1,0 0.1,0 0.2,0 0.2,0 0.3,0 0.5,0 0,0 0.9,-0.1 2.4,-0.1 l 6.6,-0.2 c 4.1,-0.2 9.3,-0.2 14.7,-0.3 1.7,0 3.4,0 5,-0.1 1.7,0 3.4,0 5.1,0.1 5.5,0.1 10.6,0.1 14.7,0.3 l 6.5,0.2 c 1.4,0 2.2,0.1 2.3,0.1 h 0.1 c 0.1,0 0.1,0 0.2,0 1,1.3 2.4,3.1 4.4,5.5 2,5.8 2.9,12.8 2.9,20.9 0,23.6 -12.6,36.1 -24.7,48.2 -11.8,11.7 -22.9,22.8 -22.9,42.7 0,11.4 9,19 17.4,19 3,0 5.7,-1 7.8,-2.9 0.3,-0.3 0.5,-0.7 0.5,-1.1 0,-0.4 -0.2,-0.8 -0.5,-1.1 -1.9,-1.8 -3.9,-4.1 -5.1,-10.4 5.2,-2.4 11.2,-3.1 17.1,-3.7 7.4,-0.8 14.3,-1.6 18.8,-5.7 15.6,-14.4 17.1,-26.5 18.4,-36.2 0.6,-4.8 1.2,-9 3.3,-12.7 1.7,3.3 3,6.5 4.4,9.9 2.7,6.6 5.5,13.5 11.9,22.4 -4,11.9 -8,27.4 -8.8,40.8 -7.1,-3.5 -15.1,-5.2 -24.2,-5.2 -6.3,0 -13.1,0.8 -21.4,2.6 -17.3,3.7 -35.8,18.4 -52.1,31.4 -5.6,4.5 -11,8.7 -16.1,12.4 l -0.1,0.1 c -3.8,2.8 -8.7,6.1 -13.5,8.2 l -7.6,2.3 c -0.4,0 -0.9,0.1 -1.3,0.1 -0.6,0 -1.1,0 -1.6,-0.1 -0.8,-3 -1.6,-6 -2.5,-9 0,-0.1 0,-0.1 -0.1,-0.2 -1.6,-5.6 -3.3,-11.2 -5.1,-16.5 0,-0.1 0,-0.1 -0.1,-0.2 -21.6,-64.5 -49.1,-89.6 -60.6,-97.8 58.8,-17.9 149.2,-28.8 150.2,-28.9 0.2,0 0.5,-0.1 0.7,-0.2 3.5,-1.4 4.8,-14.1 3.8,-19.3 -1,-5.5 -4.3,-8.6 -9,-8.6 -14,0 -52.5,22.3 -57.4,25.2 -5.7,0.8 -50.4,7.3 -67.9,11.6 v -2.5 C 447.6,294.9 473.7,281.1 474,281 Z m 149.7,150.3 h -50.9 c -0.6,-0.8 -1.3,-1.6 -2,-2.4 9.2,-6 18.1,-9.1 25.7,-9.1 10.8,0 19.9,3.8 27.2,11.5 z m -155.6,0 h -31.7 c 4.1,-8.1 10.7,-18.1 19.5,-29.4 4.2,8.6 8.3,18.4 12.2,29.4 z m -28,-131.1 c -3.7,4 -7.2,8.5 -10,13.4 -0.2,0.4 -0.4,0.9 -0.4,1.4 v 6.1 c -2.8,0.8 -5.4,1.6 -7.9,2.3 0.5,-0.8 1,-1.4 1.4,-1.7 0.4,-0.4 0.6,-0.9 0.4,-1.4 -0.1,-0.5 -0.5,-0.9 -1.1,-1.1 -1.6,-0.4 -3.3,-1 -4.8,-1.7 -2.3,-1.1 -4,-2.2 -4.8,-3.1 6.5,-5.5 16.5,-10.2 27.2,-14.2 z m -81.8,46.5 c 16,-11.5 24.9,-14.7 33.8,-16.9 -4,4.8 -9.1,12.5 -9.1,27.4 0,4.9 1,9.3 3,13.6 -11.6,5.4 -16.7,6.2 -18.7,6.2 -5.8,0 -11.7,-3.3 -17.3,-6.6 -2.8,-1.6 -5.6,-3.2 -8.5,-4.5 -0.7,-0.3 -1.4,-0.6 -2.3,-0.8 7.8,-8.8 14.1,-14.8 19.1,-18.4 z m -60.9,200.2 c 1.5,-11.9 14,-37.3 49.9,-71.5 -1.1,1.2 -2,2.4 -2.7,3.6 -9.5,14.3 -7.9,35.4 -7.3,41.5 1.2,10.1 4.4,19.7 9.2,27 1.3,2 2.7,3.8 4.2,5.3 -3.1,-0.4 -6.1,-2 -9.4,-3.6 -4.3,-2.2 -8.8,-4.5 -14.1,-4.5 -5.2,0 -8.2,0.6 -11.5,1.2 -3.5,0.6 -7.2,1.3 -14.1,1.3 -1.3,-0.1 -2.8,-0.2 -4.2,-0.3 z m 60.1,4.4 c -7,-5.3 -12.9,-17.4 -14.5,-31.4 -2.5,-22.2 4.2,-34.5 6.3,-37.7 1.7,-2.6 4.5,-5.5 8.2,-9.3 v 77.4 c 0,0.3 0,0.6 0,1 z m -35.2,76.6 c 3.6,1.7 7,3.7 10.1,5.9 1,0.7 2,1.5 2.9,2.3 -0.1,0.4 0,0.9 0.1,1.3 1.8,5.4 2.7,12.7 -3.2,17.4 -3.9,3.1 -7.4,3.7 -9.7,3.7 -2.2,0 -4.3,-0.6 -5.7,-1.7 1.2,-1.3 2.4,-2.8 3.4,-4.6 4.2,-7 6.1,-16.7 2.1,-24.3 z m 16.3,57.2 c -2.9,1.6 -6.1,2.7 -9.5,3.4 -1.9,0.3 -3.8,0.5 -5.6,0.5 v 0 c -5.6,0 -11.1,-1.5 -15.9,-4.4 -5.4,-4.1 -11.4,-8.8 -7.6,-21.8 1.3,-4.4 4.3,-7.1 9.1,-8.2 0.3,1.6 1,3.2 2,4.5 2.5,3.2 6.8,5 11.4,5 4.5,0 9.1,-1.7 13.2,-4.9 4.3,-3.4 6.6,-8.2 6.7,-13.9 4.2,5.6 5.8,10.4 5.8,12.2 0,0.6 0,1.3 0.1,2.2 0.3,6.2 0.8,19 -9.7,25.4 z m -10.9,-104.4 -1.4,-0.4 c -4.1,-1.2 -5.5,-1.7 -5.9,-3.8 7.6,0 17.3,-0.3 21.9,-4.6 2.2,-2 3.9,-4.5 5.7,-7.1 1.8,-2.6 3.9,-5.6 6.7,-8.4 0.9,0.6 1.8,1.1 2.7,1.6 0.1,19.8 0.7,41.6 3.6,64.9 -5.8,-25.4 -26.9,-40.2 -33.3,-42.2 z m 29.8,-149.4 v 27.2 c -43.5,37.8 -62.3,68.6 -65.5,85.9 -16.5,-4.8 -22.5,-21.7 -22.5,-36.4 0,-19.5 36.7,-48.5 66.2,-71.9 1.2,-0.9 1.4,-2.6 0.6,-3.8 -0.8,-1.2 -2.5,-1.6 -3.8,-0.9 -3.6,2.1 -7.8,3.1 -12.9,3.1 -4.3,0 -8.6,-0.7 -12.5,-1.4 -3.3,-0.5 -6.5,-1.1 -9.2,-1.1 -4,0 -6.7,1.1 -9.5,2.3 -4.1,1.7 -9.2,3.7 -21.3,3.7 -12.4,0 -27,-9.5 -38.8,-17.2 -3.8,-2.5 -7.4,-4.8 -10.6,-6.6 3.6,-1.5 6.8,-3.7 10.1,-5.9 5.9,-4 11.4,-7.7 18.7,-7.7 h 7.8 c 0.2,12.2 4.1,17.2 7.3,21.3 2.4,3 4.1,5.2 4.1,10.2 0,0.8 0.4,1.6 1,2.1 0.6,0.5 1.5,0.8 2.3,0.7 0.7,-0.1 18,-2.8 29.6,-16.9 2.6,-3.1 6.2,-7.9 10.5,-13.4 1.2,-1.6 2.5,-3.3 3.9,-5 8.5,2.2 14.2,1.7 17.2,-1.5 1.9,-2 1.9,-4.3 1.9,-4.7 -0.1,-1.3 -1,-2.3 -2.2,-2.6 0,0 -4.6,-1.1 -8.4,-5.6 -1.1,-1.3 -2,-2.6 -2.7,-4.2 -2.6,-5.3 -3.3,-9.8 -3.4,-12.4 4.3,-0.1 13.1,-0.1 19.8,1.3 1.7,0.4 3.1,0.8 4.3,1.3 2.6,1.1 5.2,2.6 8,4.2 6.3,3.6 12.8,7.3 20.1,7.3 4.2,0 11,-2.1 20.2,-6.3 1.9,2.8 3.9,5.1 5.8,7.2 2.5,2.8 4.7,5.3 5.4,7.7 0.4,1.3 1.7,2.2 3.1,2 1.3,-0.2 2.2,-1.2 2.4,-2.5 0.8,-1.5 5.8,-5.7 9.4,-8.7 8.7,-7.3 14.9,-12.8 16.6,-17.5 7.1,7.6 13.9,16.6 20.3,26.9 0.9,1.6 1.7,3.2 2.6,4.9 -8.3,10.4 -17.8,23.6 -23,35 h -72.9 z m -42.2,-37.1 c 1,-1.3 2.1,-2.7 3.1,-4 2.2,2.2 4.5,3.7 6.4,4.6 -0.8,0.3 -1.8,0.4 -2.9,0.4 -1.8,0 -4,-0.3 -6.6,-1 z m 120.4,299.2 c -1.4,-2 -2.9,-4.2 -2.9,-6.8 -0.1,-2.2 -0.1,-8.2 1.7,-10.1 0.3,-0.4 0.7,-0.5 1.1,-0.5 0.9,0 1.6,0.2 2,0.7 0.7,0.8 0.3,2.2 0.3,2.2 l -0.2,0.9 h 0.9 c 1.5,0 2.8,-1.9 2.9,-4 0,-1.2 -0.5,-5.1 -7.5,-5.6 0,-0.1 0,-0.2 0,-0.3 0,-4.1 -1.4,-7.8 -3.4,-9.2 l -0.4,-0.3 -0.4,0.3 c -2,1.3 -3.4,5 -3.4,9.2 0,0.1 0,0.2 0,0.3 -7,0.5 -7.5,4.4 -7.5,5.6 0,2.1 1.4,4 2.9,4 h 0.9 l -0.2,-0.9 c 0,0 -0.3,-1.4 0.3,-2.2 0.4,-0.5 1,-0.7 2,-0.7 0.4,0 0.8,0.2 1.1,0.5 1.8,1.9 1.8,7.9 1.7,10.1 0,2.6 -1.5,4.8 -2.9,6.8 -1.1,1.6 -2,2.9 -2,4.2 v 0.4 h -13.9 v -49.2 c 0,-2.3 1.8,-5.9 4.2,-8.2 l 1.1,-0.9 c 1.6,-1.1 2.9,-1.1 3.6,-0.2 h 71.9 c 0.7,-0.5 1.4,-0.7 2,-0.7 0.9,0 1.9,0.6 1.9,2.3 v 48.8 l -8.3,8.1 h -13.5 v -0.4 c 0,-1.3 -0.9,-2.7 -2,-4.2 -1.4,-2 -2.9,-4.2 -2.9,-6.8 -0.1,-2.2 -0.1,-8.2 1.7,-10.1 0.3,-0.4 0.7,-0.5 1.1,-0.5 0.9,0 1.6,0.2 2,0.7 0.7,0.8 0.3,2.2 0.3,2.2 l -0.2,0.9 h 0.9 c 1.5,0 2.8,-1.9 2.9,-4 0,-1.2 -0.5,-5.1 -7.5,-5.6 0,-0.1 0,-0.2 0,-0.3 0,-4.1 -1.4,-7.8 -3.4,-9.2 l -0.4,-0.3 -0.4,0.3 c -2,1.3 -3.4,5 -3.4,9.2 0,0.1 0,0.2 0,0.3 -7,0.5 -7.5,4.4 -7.5,5.6 0,2.1 1.4,4 2.9,4 h 0.9 l -0.2,-0.9 c 0,0 -0.3,-1.4 0.3,-2.2 0.4,-0.5 1,-0.7 2,-0.7 0.4,0 0.8,0.2 1.1,0.5 1.8,1.9 1.8,7.9 1.7,10.1 0,2.6 -1.6,4.8 -2.9,6.8 -1.1,1.6 -2,2.9 -2,4.2 v 0.4 h -19 v -0.4 c 0,-1.3 -0.9,-2.6 -2,-4.2 z M 548.1,874.3 C 502.7,847.3 465.8,815.5 438,779.6 L 548.1,659.5 658.2,779.6 c -27.8,35.9 -64.7,67.8 -110.1,94.7 z m 20.4,-272.9 c -1.4,-2 -2.9,-4.2 -2.9,-6.8 -0.1,-2.2 -0.1,-8.2 1.7,-10.1 0.3,-0.4 0.7,-0.5 1.1,-0.5 0.9,0 1.6,0.2 2,0.7 0.7,0.8 0.3,2.2 0.3,2.2 l -0.2,0.9 h 0.9 c 1.5,0 2.8,-1.9 2.9,-4 0,-1.2 -0.5,-5.1 -7.5,-5.6 0,-0.1 0,-0.2 0,-0.3 0,-4.2 -1.3,-7.8 -3.4,-9.2 l -0.4,-0.3 -0.4,0.3 c -2,1.4 -3.4,5 -3.4,9.2 0,0.1 0,0.2 0,0.3 -7,0.5 -7.5,4.4 -7.5,5.6 0,2.1 1.4,4 2.9,4 h 0.9 l -0.2,-0.9 c 0,0 -0.3,-1.4 0.3,-2.2 0.4,-0.5 1,-0.7 2,-0.7 0.4,0 0.8,0.2 1.1,0.5 1.8,1.9 1.8,7.9 1.7,10.1 0,2.6 -1.6,4.8 -2.9,6.8 -1.1,1.6 -2,2.9 -2,4.2 v 0.4 h -19 v -0.4 c 0,-1.3 -0.9,-2.7 -2,-4.2 -1.4,-2 -2.9,-4.2 -2.9,-6.8 -0.1,-2.2 -0.1,-8.2 1.7,-10.1 0.3,-0.4 0.7,-0.5 1.1,-0.5 0.9,0 1.6,0.2 2,0.7 0.7,0.8 0.3,2.2 0.3,2.2 l -0.2,0.9 h 0.9 c 1.5,0 2.8,-1.9 2.9,-4 0,-1.2 -0.5,-5.1 -7.5,-5.6 0,-0.1 0,-0.2 0,-0.3 0,-4.2 -1.3,-7.8 -3.4,-9.2 l -0.4,-0.3 -0.4,0.3 c -2.1,1.4 -3.4,5 -3.4,9.2 0,0.1 0,0.2 0,0.3 -7,0.5 -7.5,4.4 -7.5,5.6 0,2.1 1.4,4 2.9,4 h 0.9 l -0.2,-0.9 c 0,0 -0.3,-1.4 0.3,-2.2 0.4,-0.5 1,-0.7 2,-0.7 0.4,0 0.8,0.2 1.1,0.5 1.8,1.9 1.8,7.9 1.7,10.1 0,2.6 -1.5,4.8 -2.9,6.8 -1.1,1.6 -2,2.9 -2,4.2 v 0.4 h -13.9 v -49.2 c 0,-2.3 1.8,-5.9 4.2,-8.2 l 1.1,-0.9 c 1.6,-1.1 2.9,-1.1 3.6,-0.2 h 71.9 c 0.7,-0.5 1.4,-0.7 2,-0.7 0.9,0 1.9,0.6 1.9,2.3 v 48.8 L 584,606 h -13.5 v -0.4 c 0,-1.3 -0.9,-2.7 -2,-4.2 z m 122.7,88.6 -8.3,8.1 h -13.5 v -0.4 c 0,-1.3 -0.9,-2.7 -2,-4.2 -1.4,-2 -2.9,-4.2 -2.9,-6.8 -0.1,-2.2 -0.1,-8.2 1.7,-10.1 0.3,-0.4 0.7,-0.5 1.1,-0.5 0.9,0 1.6,0.2 2,0.7 0.7,0.8 0.3,2.2 0.3,2.2 l -0.2,0.9 h 0.9 c 1.5,0 2.8,-1.9 2.9,-4 0,-1.2 -0.5,-5.1 -7.5,-5.6 0,-0.1 0,-0.2 0,-0.3 0,-4.1 -1.4,-7.8 -3.4,-9.2 l -0.4,-0.3 -0.4,0.3 c -2,1.4 -3.4,5 -3.4,9.2 0,0.1 0,0.2 0,0.3 -7,0.5 -7.5,4.4 -7.5,5.6 0,2.1 1.4,4 2.9,4 h 0.9 l -0.2,-0.9 c 0,0 -0.3,-1.4 0.3,-2.2 0.4,-0.5 1,-0.7 2,-0.7 0.4,0 0.8,0.2 1.1,0.5 1.8,1.9 1.8,7.9 1.7,10.1 0,2.6 -1.5,4.8 -2.9,6.8 -1.1,1.6 -2,2.9 -2,4.2 v 0.4 h -19 v -0.4 c 0,-1.3 -0.9,-2.7 -2,-4.2 -1.4,-2 -2.9,-4.2 -2.9,-6.8 -0.1,-2.2 -0.1,-8.2 1.7,-10.1 0.3,-0.4 0.7,-0.5 1.1,-0.5 0.9,0 1.6,0.2 2,0.7 0.7,0.8 0.3,2.2 0.3,2.2 l -0.2,0.9 h 0.9 c 1.5,0 2.8,-1.9 2.9,-4 0,-1.2 -0.5,-5.1 -7.5,-5.6 0,-0.1 0,-0.2 0,-0.3 0,-4.1 -1.4,-7.8 -3.4,-9.2 l -0.4,-0.3 -0.4,0.3 c -2,1.3 -3.4,5 -3.4,9.2 0,0.1 0,0.2 0,0.3 -7,0.5 -7.5,4.4 -7.5,5.6 0,2.1 1.4,4 2.9,4 h 0.9 l -0.2,-0.9 c 0,0 -0.3,-1.4 0.3,-2.2 0.4,-0.5 1,-0.7 2,-0.7 0.4,0 0.8,0.2 1.1,0.5 1.8,1.9 1.8,7.9 1.7,10.1 0,2.6 -1.5,4.8 -2.9,6.8 -1.1,1.6 -2,2.9 -2,4.2 v 0.4 h -13.9 v -49.2 c 0,-2.3 1.8,-5.9 4.2,-8.2 l 1.1,-0.9 c 1.6,-1.1 2.9,-1.1 3.6,-0.2 h 71.9 c 0.7,-0.5 1.4,-0.7 2,-0.7 0.9,0 1.9,0.6 1.9,2.3 z M 717.3,648 548.1,463.4 378.9,648 c -7.1,-36 -7.7,-69.1 -7.7,-97.7 V 444.9 h 90 c -3.3,3.4 -6.9,8.2 -11.7,15.8 l -0.8,1.3 55.8,29.3 0.7,-0.8 c 0.3,-0.3 23.3,-26.6 44.4,-45.5 h 117.3 c -1.2,6.6 -3.7,11.9 -7.2,15.4 -2.1,-1.7 -4.5,-3 -6.8,-4.3 -4.1,-2.3 -8,-4.5 -10.2,-8.3 -0.4,-0.7 -1.1,-1.2 -1.8,-1.3 -0.8,-0.2 -1.6,0 -2.2,0.5 -4.6,3.4 -7.6,6.6 -9.4,9.5 0,0 0,0.1 -0.1,0.1 0,0 0,0 0,0.1 -1.3,2.1 -2,4 -2.4,5.7 -0.4,1.8 -0.4,3.5 0.1,5.1 0.1,0.3 0.2,0.6 0.3,0.9 0.1,0.2 0.2,0.5 0.4,0.8 1.6,3.2 5.2,6.3 10.7,9.9 5.2,3.4 13.8,5.6 22,5.6 13.6,0 23.9,-5.9 29,-16.3 2.1,20.1 8.6,79.8 30.6,94.5 0.2,0.2 0.5,0.2 0.8,0.2 0.3,0 0.5,-0.1 0.8,-0.2 1.2,-0.7 2.4,-1.5 3.6,-2.2 -0.3,26.1 -1.6,55.5 -7.8,87.3 z M 655.9,464.3 c -5.2,5 -10.8,7.5 -14.2,7.5 -3.2,0 -6.7,-1.6 -8.7,-4 -0.2,-0.4 -0.4,-0.8 -0.6,-1.2 -1.3,-3.8 1.4,-8.5 7.4,-13.6 2.9,3.6 6.9,5.8 10.5,7.8 2,1.1 3.9,2.2 5.6,3.5 z m 29,-116.8 c 4.3,0.3 7.6,1.6 11.3,3 5.3,2 11.2,4.3 21.4,4.3 6.6,0 14.1,-3.3 22.9,-10.2 8.5,5.5 16,10.7 22.2,15.4 -0.7,0.4 -1.4,0.8 -2.1,1.3 -7.4,4.4 -15,9 -24.1,9 -28.1,0.1 -46.8,-14.9 -51.6,-22.8 z m 86.5,294.6 c -6,0 -10.4,-3.8 -13.3,-7.7 1.7,-2.3 4.3,-4.8 7.8,-7.5 2.1,5.3 4.8,11.5 9.7,15.2 -1.2,0 -2.6,0 -4.2,0 z m 23.2,-18.3 c 0,10.1 -1.4,13.8 -9.5,15.7 -7.5,-0.2 -10.7,-6.7 -14.3,-15.9 -0.3,-0.8 -0.6,-1.6 -0.9,-2.3 -0.3,-0.8 -0.6,-1.5 -1,-2.2 4.8,-0.2 8.5,-1.7 11.8,-3.1 1.1,-0.5 2.2,-0.9 3.3,-1.3 0.7,-0.2 1.3,-0.4 2,-0.6 1.6,-0.4 2.9,-0.5 4.2,-0.4 h 0.3 c 2.7,0.2 4.1,6.7 4.1,10.1 z m 11.6,-83.7 c 13.7,-7 21.5,-15.1 25.5,-23.2 -1.4,14.2 -7.2,30.9 -17.2,48.8 -0.3,0.5 -0.5,0.8 -0.6,1.1 -2.5,4.6 -5,10.2 -7.4,15.6 -3.6,8 -7.3,16.4 -9.9,18.7 -1.7,1.6 -6.6,4.4 -11.9,7.3 l -0.5,0.3 c -0.3,0.1 -0.5,0.1 -0.8,0.2 -0.2,0.1 -0.4,0.1 -0.6,0.2 -0.3,0.1 -0.7,0.2 -1,0.3 -0.2,0.1 -0.3,0.1 -0.5,0.2 -0.3,0.1 -0.7,0.3 -1,0.4 -0.1,0.1 -0.3,0.1 -0.4,0.2 -0.1,0.1 -0.3,0.1 -0.4,0.2 -0.3,0.1 -0.7,0.3 -1,0.4 -3.3,1.4 -6.5,2.7 -10.5,2.7 -1.3,0 -2.6,-0.1 -4,-0.4 -1.2,-0.3 -2.5,0.4 -3.1,1.5 -0.6,1.1 -0.3,2.5 0.6,3.4 0.2,0.2 0.3,0.4 0.5,0.6 0,0.1 0.1,0.1 0.1,0.2 0.1,0.2 0.3,0.4 0.4,0.6 0,0.1 0.1,0.1 0.1,0.2 0.2,0.3 0.3,0.6 0.5,0.9 0,0.1 0.1,0.1 0.1,0.2 0.1,0.3 0.3,0.5 0.4,0.8 0,0 0,0.1 0.1,0.1 -3.2,2.3 -5.8,4.6 -7.8,6.7 -2.9,-6 -4.2,-12.4 -4.2,-15.6 0,-4.8 0,-13.8 30,-37 1.1,-0.8 1.4,-2.3 0.8,-3.5 -0.5,-1 -1.5,-1.6 -2.6,-1.6 -0.2,0 -0.4,0 -0.7,0.1 -2.2,0.5 -4.3,0.8 -6.3,0.8 -5.6,0 -8.4,-2 -9.3,-2.9 -0.7,-0.7 -1.7,-1.9 -2.9,-3.4 -2.4,-2.9 -5.3,-6.4 -8.8,-9.3 1.9,-0.9 3.9,-2.1 6.2,-3.4 4,-2.3 8.6,-5 12.8,-6.3 3.7,-1.2 5.8,-1.3 9.2,-1.6 4.7,-0.3 11,-0.8 25.5,-4.1 0.1,-0.2 0.4,-0.3 0.6,-0.4 z m -25.6,-41.6 c 3.5,4 6.7,7.5 9.6,10.6 10,10.9 15.5,16.9 15,25.1 -0.4,0.2 -0.8,0.4 -1.2,0.7 -13.8,3.1 -19.9,3.6 -24.3,3.9 -3.6,0.3 -6.1,0.4 -10.5,1.8 -4.7,1.5 -9.6,4.3 -13.9,6.8 -3.8,2.2 -8.1,4.7 -9.9,4.7 -1.3,0 -2.5,0.9 -2.8,2.3 -0.3,1.3 0.4,2.6 1.6,3.2 4.8,2.1 9.1,7.3 12.2,11.1 1.3,1.6 2.5,3 3.5,3.9 1.4,1.3 4.3,3.3 9,4.1 -13.1,7.1 -26.9,19.3 -32.6,35.4 2.1,-22 2.4,-42.6 2.4,-61.2 9.8,-8.5 16.5,-19.3 16.5,-36.3 0,-15.5 -7.8,-32 -14,-45.3 -0.9,-1.8 -1.7,-3.6 -2.5,-5.3 v -6.4 c 8.1,9 14.3,14.5 20.4,19.8 6.6,5.7 12.8,11.2 21.5,21.1 z m -1.4,-111.4 c 2.9,-1.6 5,-3.7 6.5,-5.6 1.4,1.8 2.5,3.5 3.6,5.4 -3.6,0 -7,0.1 -10.1,0.2 z m 93,-28.1 c -6.4,3.1 -11.9,5.7 -20.4,5.7 -11.1,0 -27.4,-5.4 -27.6,-5.5 -1.3,-0.4 -2.7,0.1 -3.3,1.2 -0.7,1.2 -0.5,2.6 0.5,3.5 9,8.3 15,17.4 17.4,26.6 -0.5,-0.1 -0.9,-0.1 -1.4,-0.2 -22.2,-2.8 -36.3,-3.4 -41.7,-3.5 -1.7,-3.4 -3.6,-6.4 -6,-9.5 1.3,-3 1.9,-5.9 1.9,-7.7 0,-3.4 2,-7.9 7.7,-10.8 0.8,-0.4 1.4,-1.2 1.5,-2.1 0.1,-0.9 -0.2,-1.9 -0.9,-2.5 -0.8,-0.7 -1.8,-1.7 -20.9,-1.7 -4.4,0 -8.6,1.7 -12.2,3.6 -5.9,-4.5 -12.7,-9.2 -20.6,-14.5 3.2,-2.7 6.1,-5.5 8.7,-8 3.8,-3.6 7.7,-7.3 9.3,-7.9 1.3,-0.5 2,-1.8 1.8,-3.2 -0.2,-1.3 -1.4,-2.3 -2.8,-2.3 -4.1,0 -9.5,-3.2 -15.1,-6.7 -8.1,-4.9 -17.2,-10.4 -27.9,-10.4 -10.1,0 -16.8,1.5 -22.7,2.8 -4.7,1 -8.7,1.9 -13.7,1.9 -6.4,0 -13.5,-4 -17.1,-7.9 -1.2,-1.3 -1.7,-2.3 -1.9,-2.9 2.8,0.9 8.7,2.2 22.1,2.2 30.4,0 53.2,-26.9 53.2,-50.9 0,-15.3 -10.9,-30.9 -20.1,-41.4 -1.5,-2.8 -3.5,-6.7 -3.5,-9.4 0,-5.8 1.3,-13.6 2.5,-20.5 0.5,-2.8 0.9,-5.3 1.2,-7.5 3.2,1.7 7.4,3.2 11.9,4.9 8.6,3.2 18.4,6.9 23.9,12 8.4,7.8 11.8,17.3 9.7,26.9 l -0.1,0.6 c -0.3,1.5 0.6,3 2.1,3.4 1.5,0.4 3,-0.6 3.4,-2.1 l 0.1,-0.5 c 3.7,-15.6 14.8,-21 22.9,-24.9 1.4,-0.7 2.7,-1.3 3.9,-1.9 0.4,1.9 0.9,4 1.6,6.4 1.8,7.3 4.4,17.2 3,21.3 -2.5,7.5 -8.1,17.9 -14,23.3 -3.5,3.2 -4.3,7.5 -5.1,11.6 -0.9,4.9 -1.9,10 -7.1,14.7 l -24.1,22.4 c -1,1 -1.2,2.5 -0.4,3.7 0.8,1.2 2.3,1.6 3.6,1 6.2,-2.9 12.5,-5.7 19.2,-8.6 24.7,-10.6 50.2,-21.6 67.5,-43.3 9.6,-12.1 15.3,-28.2 15.3,-42.9 18.7,9 29.2,24.8 30,36.5 v 0.1 0.1 0.2 0.1 c 0,0.3 0,0.7 0,1 0,33.3 -17.3,60.3 -101.1,83.8 -1.4,0.4 -2.2,1.7 -2,3.1 0.2,1.4 1.4,2.5 2.8,2.5 21.6,0 22.4,2.6 22.7,3.9 0.6,2 1.5,4.1 5.6,5 2,0.4 4,0.6 6.4,0.6 1.8,0 3.6,-0.1 5.3,-0.2 1.7,-0.1 3.6,-0.2 5.4,-0.2 3.8,0 6.9,0.5 10,1.6 4.7,1.7 10.4,7 16,12.3 4.6,4 9.2,8.2 13.6,11.1 0.1,0 0.1,0 0,0 z"
   id="path59" />
</g></g></g><style
     type="text/css"
     id="style25">
	.st0{fill:#FFFFFF;}
</style></svg>
